# This file may be used to create an environment using:
# $ conda create --name <env> --file <this file>
# platform: win-64
# created-by: conda 26.1.0
base58=2.1.1=pypi_0
bzip2=1.0.8=h2bbff1b_6
ca-certificates=2025.12.2=haa95532_0
cffi=2.0.0=py314h02ab6af_1
cryptography=46.0.3=py314habbc9f9_0
libexpat=2.7.3=h885b0b7_4
libffi=3.4.4=hd77b12b_1
libmpdec=4.0.0=h827c3e9_0
libzlib=1.3.1=h02ab6af_0
lz4-c=1.9.4=h2bbff1b_1
markdown-it-py=4.0.0=py314haa95532_1
mdurl=0.1.2=py314haa95532_0
openssl=3.0.19=hbb43b14_0
pathspec=0.12.1=py314haa95532_1
pip=25.3=pyh0d26453_0
prompt-toolkit=3.0.52=pypi_0
pycparser=2.23=py314haa95532_0
pygments=2.19.2=py314haa95532_0
python=3.14.2=h3bc0a5a_101_cp314
python_abi=3.14=2_cp314
questionary=2.1.1=pypi_0
rich=14.2.0=py314haa95532_0
sqlite=3.51.1=hda9a48d_0
tk=8.6.15=hf199647_0
tzdata=2025c=he532380_0
ucrt=10.0.22621.0=haa95532_0
vc=14.3=h2df5915_10
vc14_runtime=14.44.35208=h4927774_10
vs2015_runtime=14.44.35208=ha6b5a95_10
wcwidth=0.5.2=pypi_0
xz=5.6.4=h4754444_1
zlib=1.3.1=h02ab6af_0
zstd=1.5.7=h56299aa_0
